2 0.0005222600000251987
5 6.532000002152926e-05
10 4.9260000014328395e-05
12 4.398000000946922e-05
15 4.816000005121168e-05
20 6.847999998171872e-05
30 0.00010135999996236933
40 9.971999993467762e-05
45 9.723999996822386e-05
50 0.00010151999995287043
55 0.00010960000008708448
60 0.00011567999999897438
75 0.00014356000001498616
100 0.0001917800000683201
125 0.00023539999997410633
160 0.0004638400000203546
200 0.00044309999998404237
250 0.000638379999963945
350 0.001130520000060642
500 0.004271059999928184
600 0.0062599599999884955
800 0.013926599999967948
1000 0.027756399999998394
2000 0.13744974000010188
5000 1.3158189000000675
10000 10.684622900000113
