2 5.5199999997057604e-05
5 0.0001300399999763613
10 4.7219999987646585e-05
12 4.2540000004009924e-05
15 4.362000004221045e-05
20 6.908000000294123e-05
30 0.00011125999999421765
40 0.00012086000001545471
45 0.00010866000002351939
50 0.00011519999993652164
55 0.0001265400000647787
60 0.0001316599999427126
75 0.00020100000001548323
100 0.00020863999998255167
125 0.00027674000002662067
160 0.0003213599999526195
200 0.0005865000000085275
250 0.0008832600000459933
350 0.0013672800000222197
500 0.005297879999943689
600 0.007150279999950726
800 0.019601979999970355
1000 0.03740775999995094
2000 0.18977026000002298
5000 1.9701879599999756
10000 17.757857300000204
