2 5.972000003566791e-05
5 4.424000003382389e-05
10 0.0005123399999774847
12 3.7400000019260914e-05
15 4.0740000031291856e-05
20 0.0005758799999966869
30 0.00018384000004516564
40 0.00012895999993816075
45 0.00012786000002051878
50 0.00012737999995806603
55 0.00015330000001085865
60 0.00015373999995063058
75 0.00023682000005464943
100 0.0003381600000011531
125 0.0005187600000226666
160 0.0012775799999872107
200 0.0013146400000550785
250 0.0027898399999230607
350 0.005003320000014355
500 0.01837912000005417
600 0.028847379999933764
800 0.06125270000002274
1000 0.10991025999996965
2000 0.6218501199999992
5000 6.618338619999986
10000 62.98996138000011
