2 2.1559999959208652e-05
5 2.3079999982655865e-05
10 2.1599999945465244e-05
12 1.9380000048840883e-05
15 2.0579999954861705e-05
20 3.819999997176637e-05
30 5.220000002736924e-05
40 6.33600000583101e-05
45 6.356000003506778e-05
50 6.462000001192792e-05
55 7.803999997122447e-05
60 8.034000002226094e-05
75 0.00013913999996475467
100 0.00013564000000769737
125 0.00020654000004469709
160 0.00027065999997830657
200 0.0004351799999767536
250 0.0007703200000378274
350 0.0013436999999612454
500 0.006558640000002924
600 0.007783519999929922
800 0.01656100000004699
1000 0.028550759999961883
2000 0.16017932000004292
5000 1.7043080800000099
10000 16.576496059999954
