2 0.0013270200000079057
5 8.107999997264415e-05
10 6.915999992997967e-05
12 6.846000005680252e-05
15 5.983999994896294e-05
20 0.00011308000002827612
30 0.00012432000003173015
40 0.00013347999997677108
45 0.00013366000002861255
50 0.00013816000000588247
55 0.00014757999997527804
60 0.0001462599999285885
75 0.0002319999999144784
100 0.00022817999993094418
125 0.00032127999998010637
160 0.0004961399999956484
200 0.0005957200000466401
250 0.0008932400000048801
350 0.0014929399999800807
500 0.006045080000012604
600 0.007316279999986364
800 0.01778670000007878
1000 0.0357343800000308
2000 0.18882699999994657
5000 2.0400706599999467
10000 18.910982420000117
