2 0.005377620000035677
5 6.812000001445994e-05
10 6.820000003244786e-05
12 6.316000008155243e-05
15 5.7799999967755864e-05
20 8.023999998840736e-05
30 0.00013095999997858598
40 0.0001238600000306178
45 0.00011535999997249746
50 0.0001220999999986816
55 0.0001308199999130011
60 0.00013706000004276575
75 0.00018402000000605767
100 0.0006990800000494346
125 0.0003289799999947718
160 0.00045941999997012317
200 0.0007612799999606068
250 0.0011351600000125473
350 0.0021039400000063325
500 0.006822160000092481
600 0.009543740000026446
800 0.020738940000001094
1000 0.036675900000000185
2000 0.21393680000001042
5000 2.0785566000000473
10000 14.814506220000021
