2 3.697999999729973e-05
5 3.706000000107679e-05
10 3.629999999930078e-05
12 3.7100000000123146e-05
15 2.2959999999727642e-05
20 4.614999999859037e-05
30 0.00010645999999780997
40 0.00011610000000246145
45 8.614999999991823e-05
50 8.645999999572496e-05
55 0.00012441999999879272
60 9.560999999678189e-05
75 0.00018187000000011722
100 0.00021546999999628725
125 0.00032747999999855893
160 0.0004249400000006176
200 0.0008165500000018256
250 0.0008850600000002373
350 0.0019509900000002744
500 0.004728090000000407
600 0.007023689999999761
800 0.014395090000000721
1000 0.024293939999999736
2000 0.15177234000000225
5000 1.6626657699999967
10000 14.30392172000001
