2 0.0002267300000013961
5 5.55299999973613e-05
10 0.0013178400000001035
12 7.000999999888791e-05
15 4.20599999984006e-05
20 0.0002656799999996906
30 0.0002212999999983367
40 0.00019418999999771814
45 0.0002349399999999946
50 0.000167399999999418
55 0.0003408800000002543
60 0.00037433999999905156
75 0.0004095800000030181
100 0.0005518200000011575
125 0.0007379199999959952
160 0.0011573800000036273
200 0.0020798299999995606
250 0.0028034400000024108
350 0.005824939999995138
500 0.016937119999997207
600 0.025530120000001943
800 0.05306721999999979
1000 0.0884184200000064
2000 0.6149514599999975
5000 6.398989209999998
10000 55.42750908999999
